0.000000000000e+00	-1.000000000000e+00	0.000000000000e+00
2.000000000000e-02	-1.000000000000e+00	0.000000000000e+00
4.000000000000e-02	-1.000000000000e+00	0.000000000000e+00
6.000000000000e-02	-1.000000000000e+00	0.000000000000e+00
8.000000000000e-02	-1.000000000000e+00	0.000000000000e+00
1.000000000000e-01	-1.000000000000e+00	0.000000000000e+00
1.200000000000e-01	-1.000000000000e+00	0.000000000000e+00
1.400000000000e-01	-1.000000000000e+00	0.000000000000e+00
1.600000000000e-01	-1.000000000000e+00	0.000000000000e+00
1.800000000000e-01	-1.000000000000e+00	0.000000000000e+00
2.000000000000e-01	-1.000000000000e+00	0.000000000000e+00
2.200000000000e-01	-1.000000000000e+00	0.000000000000e+00
2.400000000000e-01	-1.000000000000e+00	0.000000000000e+00
2.600000000000e-01	-1.000000000000e+00	0.000000000000e+00
2.800000000000e-01	-1.000000000000e+00	0.000000000000e+00
3.000000000000e-01	-1.000000000000e+00	0.000000000000e+00
3.200000000000e-01	-1.000000000000e+00	0.000000000000e+00
3.400000000000e-01	-1.000000000000e+00	0.000000000000e+00
3.600000000000e-01	-1.000000000000e+00	0.000000000000e+00
3.800000000000e-01	-1.000000000000e+00	0.000000000000e+00
4.000000000000e-01	-1.000000000000e+00	0.000000000000e+00
4.200000000000e-01	-1.000000000000e+00	0.000000000000e+00
4.400000000000e-01	-1.000000000000e+00	0.000000000000e+00
4.600000000000e-01	-1.000000000000e+00	0.000000000000e+00
4.800000000000e-01	-1.000000000000e+00	0.000000000000e+00
5.000000000000e-01	-1.000000000000e+00	0.000000000000e+00
5.200000000000e-01	-1.000000000000e+00	0.000000000000e+00
5.400000000000e-01	-1.000000000000e+00	0.000000000000e+00
5.600000000000e-01	-1.000000000000e+00	0.000000000000e+00
5.800000000000e-01	-1.000000000000e+00	0.000000000000e+00
6.000000000000e-01	-1.000000000000e+00	0.000000000000e+00
6.200000000000e-01	-1.000000000000e+00	0.000000000000e+00
6.400000000000e-01	-1.000000000000e+00	0.000000000000e+00
6.600000000000e-01	-1.000000000000e+00	0.000000000000e+00
6.800000000000e-01	-1.000000000000e+00	0.000000000000e+00
7.000000000000e-01	-1.000000000000e+00	0.000000000000e+00
7.200000000000e-01	-1.000000000000e+00	0.000000000000e+00
7.400000000000e-01	-1.000000000000e+00	0.000000000000e+00
7.600000000000e-01	-1.000000000000e+00	0.000000000000e+00
7.800000000000e-01	-1.000000000000e+00	0.000000000000e+00
8.000000000000e-01	-1.000000000000e+00	0.000000000000e+00
8.200000000000e-01	-1.000000000000e+00	0.000000000000e+00
8.400000000000e-01	-1.000000000000e+00	0.000000000000e+00
8.600000000000e-01	-1.000000000000e+00	0.000000000000e+00
8.800000000000e-01	-1.000000000000e+00	0.000000000000e+00
9.000000000000e-01	-1.000000000000e+00	0.000000000000e+00
9.200000000000e-01	-1.000000000000e+00	0.000000000000e+00
9.400000000000e-01	-1.000000000000e+00	0.000000000000e+00
9.600000000000e-01	-1.000000000000e+00	0.000000000000e+00
9.800000000000e-01	-1.000000000000e+00	0.000000000000e+00
1.000000000000e+00	-1.000000000000e+00	0.000000000000e+00
1.020000000000e+00	-1.000000000000e+00	0.000000000000e+00
1.040000000000e+00	-1.000000000000e+00	0.000000000000e+00
1.060000000000e+00	-1.000000000000e+00	0.000000000000e+00
1.080000000000e+00	-1.000000000000e+00	0.000000000000e+00
1.100000000000e+00	-1.000000000000e+00	0.000000000000e+00
1.120000000000e+00	-1.000000000000e+00	0.000000000000e+00
1.140000000000e+00	-1.000000000000e+00	0.000000000000e+00
1.160000000000e+00	-1.000000000000e+00	0.000000000000e+00
1.180000000000e+00	-1.000000000000e+00	0.000000000000e+00
1.200000000000e+00	-1.000000000000e+00	0.000000000000e+00
1.220000000000e+00	-1.000000000000e+00	0.000000000000e+00
1.240000000000e+00	-1.000000000000e+00	0.000000000000e+00
1.260000000000e+00	-1.000000000000e+00	0.000000000000e+00
1.280000000000e+00	-1.000000000000e+00	0.000000000000e+00
1.300000000000e+00	-1.000000000000e+00	0.000000000000e+00
1.320000000000e+00	-1.000000000000e+00	0.000000000000e+00
1.340000000000e+00	-1.000000000000e+00	0.000000000000e+00
1.360000000000e+00	-1.000000000000e+00	0.000000000000e+00
1.380000000000e+00	-1.000000000000e+00	0.000000000000e+00
1.400000000000e+00	-1.000000000000e+00	0.000000000000e+00
1.420000000000e+00	-1.000000000000e+00	0.000000000000e+00
1.440000000000e+00	-1.000000000000e+00	0.000000000000e+00
1.460000000000e+00	-1.000000000000e+00	0.000000000000e+00
1.480000000000e+00	-1.000000000000e+00	0.000000000000e+00
1.500000000000e+00	-1.000000000000e+00	0.000000000000e+00
1.520000000000e+00	-1.000000000000e+00	0.000000000000e+00
1.540000000000e+00	-1.000000000000e+00	0.000000000000e+00
1.560000000000e+00	-1.000000000000e+00	0.000000000000e+00
1.580000000000e+00	-1.000000000000e+00	0.000000000000e+00
1.600000000000e+00	-1.000000000000e+00	0.000000000000e+00
1.620000000000e+00	-1.000000000000e+00	0.000000000000e+00
1.640000000000e+00	-1.000000000000e+00	0.000000000000e+00
1.660000000000e+00	-1.000000000000e+00	0.000000000000e+00
1.680000000000e+00	-1.000000000000e+00	0.000000000000e+00
1.700000000000e+00	-1.000000000000e+00	0.000000000000e+00
1.720000000000e+00	-1.000000000000e+00	0.000000000000e+00
1.740000000000e+00	-1.000000000000e+00	0.000000000000e+00
1.760000000000e+00	-1.000000000000e+00	0.000000000000e+00
1.780000000000e+00	-1.000000000000e+00	0.000000000000e+00
1.800000000000e+00	-1.000000000000e+00	0.000000000000e+00
1.820000000000e+00	-1.000000000000e+00	0.000000000000e+00
1.840000000000e+00	-1.000000000000e+00	0.000000000000e+00
1.860000000000e+00	-1.000000000000e+00	0.000000000000e+00
1.880000000000e+00	-1.000000000000e+00	0.000000000000e+00
1.900000000000e+00	-1.000000000000e+00	0.000000000000e+00
1.920000000000e+00	-1.000000000000e+00	0.000000000000e+00
1.940000000000e+00	-1.000000000000e+00	0.000000000000e+00
1.960000000000e+00	-1.000000000000e+00	0.000000000000e+00
1.980000000000e+00	-1.000000000000e+00	0.000000000000e+00
2.000000000000e+00	-1.000000000000e+00	0.000000000000e+00
2.020000000000e+00	-1.000000000000e+00	0.000000000000e+00
2.040000000000e+00	-1.000000000000e+00	0.000000000000e+00
2.060000000000e+00	-1.000000000000e+00	0.000000000000e+00
2.080000000000e+00	-1.000000000000e+00	0.000000000000e+00
2.100000000000e+00	-1.000000000000e+00	0.000000000000e+00
2.120000000000e+00	-1.000000000000e+00	0.000000000000e+00
2.140000000000e+00	-1.000000000000e+00	0.000000000000e+00
2.160000000000e+00	-1.000000000000e+00	0.000000000000e+00
2.180000000000e+00	-1.000000000000e+00	0.000000000000e+00
2.200000000000e+00	-1.000000000000e+00	0.000000000000e+00
2.220000000000e+00	-1.000000000000e+00	0.000000000000e+00
2.240000000000e+00	-1.000000000000e+00	0.000000000000e+00
2.260000000000e+00	-1.000000000000e+00	0.000000000000e+00
2.280000000000e+00	-1.000000000000e+00	0.000000000000e+00
2.300000000000e+00	-1.000000000000e+00	0.000000000000e+00
2.320000000000e+00	-1.000000000000e+00	0.000000000000e+00
2.340000000000e+00	-1.000000000000e+00	0.000000000000e+00
2.360000000000e+00	-1.000000000000e+00	0.000000000000e+00
2.380000000000e+00	-1.000000000000e+00	0.000000000000e+00
2.400000000000e+00	-1.000000000000e+00	0.000000000000e+00
2.420000000000e+00	-1.000000000000e+00	0.000000000000e+00
2.440000000000e+00	-1.000000000000e+00	0.000000000000e+00
2.460000000000e+00	-1.000000000000e+00	0.000000000000e+00
2.480000000000e+00	-1.000000000000e+00	0.000000000000e+00
2.500000000000e+00	-1.000000000000e+00	0.000000000000e+00
2.520000000000e+00	-1.000000000000e+00	0.000000000000e+00
2.540000000000e+00	-1.000000000000e+00	0.000000000000e+00
2.560000000000e+00	-1.000000000000e+00	0.000000000000e+00
2.580000000000e+00	-1.000000000000e+00	0.000000000000e+00
2.600000000000e+00	-1.000000000000e+00	0.000000000000e+00
2.620000000000e+00	-1.000000000000e+00	0.000000000000e+00
2.640000000000e+00	-1.000000000000e+00	0.000000000000e+00
2.660000000000e+00	-1.000000000000e+00	0.000000000000e+00
2.680000000000e+00	-1.000000000000e+00	0.000000000000e+00
2.700000000000e+00	-1.000000000000e+00	0.000000000000e+00
2.720000000000e+00	-1.000000000000e+00	0.000000000000e+00
2.740000000000e+00	-1.000000000000e+00	0.000000000000e+00
2.760000000000e+00	-1.000000000000e+00	0.000000000000e+00
2.780000000000e+00	-1.000000000000e+00	0.000000000000e+00
2.800000000000e+00	-1.000000000000e+00	0.000000000000e+00
2.820000000000e+00	-1.000000000000e+00	0.000000000000e+00
2.840000000000e+00	-1.000000000000e+00	0.000000000000e+00
2.860000000000e+00	-1.000000000000e+00	0.000000000000e+00
2.880000000000e+00	-1.000000000000e+00	0.000000000000e+00
2.900000000000e+00	-1.000000000000e+00	0.000000000000e+00
2.920000000000e+00	-1.000000000000e+00	0.000000000000e+00
2.940000000000e+00	-1.000000000000e+00	0.000000000000e+00
2.960000000000e+00	-1.000000000000e+00	0.000000000000e+00
2.980000000000e+00	-1.000000000000e+00	0.000000000000e+00
3.000000000000e+00	-1.000000000000e+00	0.000000000000e+00
